Alphabet Size k = 2
Subsequence length n = 9
De Bruijn Sequence Length: 512
De Bruijn Sequence: 

0000000001
1111111101
1111110011
1111010111
1110001111
1011011111
0100111110
0101111100
0011110111
0111101100
1111010101
1110100011
1100110111
1001001111
0001011110
0000111011
1001110110
1011101100
0111010110
1110101001
1101001011
1010000111
0011001110
0101011100
1000111000
1101110001
0011100001
0111000000
1101101101
0011011001
0110110000
1101011001
1010101011
0101000110
1001001101
0001011010
0000110011
0001100101
0011001001
0110010000
1100010101
1000100011
0000100110
0000101100
0000010101
0100101010
0001010010
0010100010
0101000000
1001001000
0010001000
01
